m1 = [0.269	0.225	0.246	0.227
0.268	0.227	0.247	0.228
0.268	0.228	0.247	0.226
0.267	0.227	0.245	0.228
0.265	0.229	0.245	0.225]

