g1b = [0.517	0
0.516	0.05
0.509	0.1
0.503	0.15
0.496	0.2
0.486	0.25
0.475	0.3
0.463	0.35
0.449	0.4
0.445	0.41
0.442	0.42
0.439	0.43
0.436	0.44
0.434	0.45
0.431	0.46
0.429	0.47
0.424	0.48
0.419	0.49
0.418	0.5
0.396	0.55
0.363	0.6
0.357	0.61
0.353	0.62
0.345	0.63
0.335	0.64
0.315	0.65
0.275	0.66
0.16	0.67]

g1c =[0.523	0
0.515	0.05
0.507	0.1
0.497	0.15
0.485	0.2
0.475	0.25
0.463	0.3
0.447	0.35
0.412	0.4
0.424	0.41
0.415	0.42
0.411	0.43
0.406	0.44
0.403	0.45
0.401	0.46
0.382	0.47
0.34	0.48
0.105	0.49]

g2b = [0.535	0
0.53	0.01
0.527	0.03
0.522	0.04
0.521	0.06
0.512	0.08
0.51	0.09
0.509	0.11
0.503	0.12
0.505	0.13
0.502	0.14
0.497	0.16
0.504	0.17
0.511	0.19
0.502	0.21
0.504	0.215
0.498	0.22
0.493	0.24
0.482	0.26
0.485	0.27
0.495	0.29
0.484	0.3
0.474	0.31
0.468	0.32
0.475	0.34
0.469	0.35
0.481	0.37
0.475	0.38
0.473	0.39
0.466	0.4
0.462	0.42
0.464	0.44
0.452	0.45
0.461	0.46
0.456	0.47
0.449	0.48
0.45	0.49
0.447	0.5
0.443	0.52
0.442	0.53
0.442	0.56
0.44	0.57
0.425	0.58
0.42	0.6
0.417	0.61
0.415	0.63
0.41	0.64
0.41	0.65
0.401	0.66
0.398	0.67
0.395	0.68
0.371	0.7
0.344	0.71
0.317	0.73
0.325	0.75
0.18	0.76]

g2c = [0.504	0
0.509	0.01
0.493	0.06
0.488	0.11
0.482	0.16
0.476	0.21
0.471	0.26
0.462	0.3
0.46	0.35
0.448	0.4
0.44	0.45
0.427	0.5
0.414	0.56
0.398	0.6
0.394	0.61
0.391	0.63
0.387	0.64
0.385	0.65
0.382	0.66
0.374	0.67
0.367	0.68
0.362	0.7
0.353	0.71
0.344	0.72
0.344	0.717
0.346	0.73
0.338	0.74
0.346	0.75
0.343	0.76
0.333	0.77
0.321	0.78
0.3803	0.79
0.265	0.8
0.185	0.81
0.183	0.81]

g3b=[0.522	0
0.512	0.06
0.503	0.11
0.493	0.16
0.486	0.21
0.479	0.26
0.47	0.3
0.463	0.35
0.453	0.4
0.442	0.46
0.43	0.5
0.414	0.56
0.395	0.6
0.38	0.65
0.351	0.71
0.289	0.75
0.286	0.75
0.283	0.76
0.282	0.76
0.282	0.76
0.282	0.76]

g3c=[0.532	0
0.521	0.06
0.513	0.11
0.505	0.16
0.498	0.21
0.489	0.26
0.482	0.3
0.483	0.35
0.476	0.4
0.465	0.46
0.451	0.5
0.437	0.56
0.423	0.6
0.399	0.66
0.335	0.71
0.182	0.72
0.181	0.72
0.181	0.72
0.181	0.72
0.181	0.72
0.181	0.72]

g4b=[0.52	0
0.514	0.11
0.505	0.21
0.495	0.3
0.489	0.4
0.465	0.5
0.432	0.6
0.395	0.71
0.373	0.75
0.333	0.81]

g4c=[0.546	0
0.528	0.11
0.521	0.21
0.502	0.3
0.485	0.4
0.455	0.5
0.419	0.6
0.336	0.68
0.338	0.68
0.201	0.7]

xb = [0	0.525
0.11	0.512
0.21	0.511
0.3	0.501
0.4	0.457
0.5	0.455
0.6	0.439
0.71	0.403
0.76	0.221]

xc = [0	0.521
0.11	0.511
0.21	0.497
0.3	0.485
0.4	0.476
0.5	0.463
0.6	0.435
0.5	0.179]

xc = [xc(:,2),xc(:,1)]
xb = [xb(:,2),xb(:,1)]